0 0.512168 0.624724 0.913717 0.688742
9 0.521018 0.63245 0.887168 0.686534
9 0.521018 0.63245 0.887168 0.686534
2 0.528761 0.629139 0.845133 0.649007
1 0.617257 0.0783664 0.163717 0.152318
1 0.504425 0.147903 0.159292 0.163355
17 0.620575 0.0761589 0.179204 0.152318
3 0.487832 0.682119 0.404867 0.591612
3 0.314159 0.513245 0.570796 0.576159
3 0.699115 0.644592 0.530973 0.551876
3 0.320796 0.674393 0.336283 0.562914
15 0.521018 0.665563 0.918142 0.607064
15 0.534031 0.632812 0.680628 0.671875
15 0.534031 0.632812 0.680628 0.671875
15 0.534031 0.632812 0.680628 0.671875
12 0.770337 0.49719 0.208664 0.261157
13 0.77662 0.190248 0.243056 0.306446
11 0.415013 0.677521 0.433201 0.62843
8 0.411541 0.190248 0.416336 0.283306
12 0.770503 0.510575 0.207011 0.255122
11 0.414683 0.688367 0.433201 0.619299
8 0.411541 0.207369 0.415013 0.280568
12 0.770503 0.510575 0.207011 0.255122
11 0.414683 0.688367 0.433201 0.619299
8 0.411541 0.207369 0.415013 0.280568
12 0.335 0.63125 0.385 0.3675
11 0.74125 0.66 0.4575 0.435
0 0.33935 0.740506 0.440433 0.338156
8 0.703971 0.620253 0.433213 0.38698
10 0.757599 0.348712 0.308511 0.439914
0 0.170973 0.584764 0.341945 0.796137
8 0.417173 0.187768 0.484802 0.375536
10 0.757599 0.348712 0.308511 0.439914
0 0.170973 0.584764 0.341945 0.796137
8 0.417173 0.187768 0.484802 0.375536
10 0.757599 0.348712 0.308511 0.439914
0 0.170973 0.584764 0.341945 0.796137
8 0.417173 0.187768 0.484802 0.375536
10 0.757599 0.348712 0.308511 0.439914
0 0.170973 0.584764 0.341945 0.796137
8 0.417173 0.187768 0.484802 0.375536
10 0.757599 0.348712 0.308511 0.439914
0 0.170973 0.584764 0.341945 0.796137
8 0.417173 0.187768 0.484802 0.375536
14 0.792773 0.448009 0.219764 0.294248
17 0.535398 0.573009 0.138643 0.163717
18 0.228614 0.602876 0.129794 0.188053
17 0.336283 0.684735 0.0973451 0.201327
18 0.275074 0.650442 0.110619 0.207965
18 0.338496 0.683628 0.10472 0.212389
19 0.350295 0.285398 0.50885 0.539823
17 0.481563 0.650442 0.119469 0.181416
17 0.413717 0.676991 0.119469 0.199115
3 0.374549 0.697107 0.308664 0.291139
3 0.195848 0.494575 0.265343 0.305606
3 0.430505 0.487342 0.305054 0.280289
3 0.347473 0.233273 0.261733 0.267631
17 0.875 0.0783664 0.227876 0.156733
17 0.800885 0.195364 0.212389 0.187638
14 0.154867 0.190949 0.309735 0.293598
17 0.934735 0.216336 0.130531 0.207506
17 0.888274 0.348786 0.201327 0.198675
17 0.734513 0.346578 0.243363 0.1766
3 0.195796 0.820088 0.34292 0.346578
3 0.274336 0.607064 0.30531 0.335541
17 0.690265 0.108168 0.181416 0.181015
3 0.512168 0.556291 0.365044 0.326711
17 0.634956 0.219647 0.20354 0.169978
19 0.542308 0.353901 0.915385 0.499204
17 0.901709 0.256768 0.196581 0.255573
18 0.766239 0.121019 0.27094 0.242038
14 0.236325 0.838376 0.47265 0.323248
18 0.767094 0.235897 0.269231 0.275214
19 0.542308 0.52265 0.915385 0.587179
17 0.903846 0.388034 0.190598 0.28547
14 0.233761 0.918376 0.462393 0.161538
14 0.792773 0.448009 0.219764 0.294248
17 0.535398 0.573009 0.138643 0.163717
18 0.228614 0.602876 0.129794 0.188053
17 0.336283 0.684735 0.0973451 0.201327
18 0.275074 0.650442 0.110619 0.207965
18 0.338496 0.683628 0.10472 0.212389
19 0.350295 0.285398 0.50885 0.539823
17 0.481563 0.650442 0.119469 0.181416
17 0.413717 0.676991 0.119469 0.199115
14 0.152655 0.0673289 0.29646 0.134658
3 0.199115 0.615894 0.349558 0.357616
19 0.594027 0.714128 0.559735 0.496689
17 0.941372 0.0551876 0.117257 0.110375
17 0.887168 0.130243 0.20354 0.203091
17 0.800885 0.0386313 0.225664 0.0772627
3 0.27323 0.392936 0.303097 0.335541
17 0.638274 0.0452539 0.210177 0.0905077
3 0.511062 0.34106 0.358407 0.333333
17 0.734513 0.135762 0.243363 0.169978
19 0.540171 0.373932 0.919658 0.609402
18 0.767521 0.100855 0.266667 0.201709
17 0.904274 0.219658 0.191453 0.280342
14 0.234615 0.838889 0.469231 0.322222
19 0.540171 0.280342 0.919658 0.560684
17 0.903846 0.129487 0.192308 0.258974
14 0.234615 0.788462 0.469231 0.423077
4 0.70875 0.32375 0.255 0.450833
0 0.354375 0.487083 0.33875 0.4475
4 0.5125 0.479583 0.1775 0.3275
0 0.243437 0.58 0.265625 0.336667
17 0.22888 0.341847 0.410609 0.259332
17 0.396857 0.531434 0.467584 0.445973
17 0.178782 0.634578 0.357564 0.483301
14 0.767191 0.560904 0.465619 0.438114
11 0.639063 0.462944 0.301042 0.282881
16 0.389583 0.265136 0.13125 0.106472
12 0.219271 0.487474 0.413542 0.356994
16 0.404167 0.174843 0.108333 0.105428
11 0.726042 0.742693 0.30625 0.316284
12 0.410417 0.755219 0.175 0.195198
12 0.335 0.630326 0.38 0.363409
11 0.74125 0.659148 0.4575 0.43609
0 0.33935 0.740506 0.440433 0.338156
8 0.703971 0.620253 0.433213 0.38698
10 0.757599 0.348712 0.308511 0.439914
0 0.170973 0.584764 0.341945 0.796137
8 0.417173 0.187768 0.484802 0.375536
9 0.79375 0.431667 0.22 0.293333
8 0.511875 0.323333 0.27875 0.37
