8 0.672316 0.431338 0.316384 0.228873
7 0.485876 0.626761 0.474576 0.542253
3 0.491525 0.628521 0.915254 0.559859
1 0.635593 0.389085 0.254237 0.165493
1 0.683616 0.482394 0.271186 0.147887
18 0.79096 0.614437 0.316384 0.207746
17 0.69209 0.482394 0.322034 0.161972
19 0.240113 0.642606 0.457627 0.552817
14 0.700565 0.139085 0.440678 0.257042
17 0.638418 0.373239 0.293785 0.15493
18 0.810734 0.751761 0.254237 0.144366
19 0.480226 0.610915 0.508475 0.588028
13 0.69774 0.135563 0.435028 0.257042
11 0.485876 0.621479 0.937853 0.609155
1 0.635593 0.389085 0.254237 0.165493
1 0.683616 0.482394 0.271186 0.147887
17 0.69209 0.482394 0.322034 0.161972
19 0.240113 0.642606 0.457627 0.552817
14 0.700565 0.139085 0.440678 0.257042
17 0.638418 0.373239 0.293785 0.15493
18 0.810734 0.751761 0.254237 0.144366
19 0.480226 0.610915 0.508475 0.588028
11 0.485876 0.621479 0.937853 0.609155
